0.47, 0.35, 0.35, 
0.19, 0.27, 0.27,                        
0.19, 0.27, 0.27,
0.34, 0.25, 0.25,
0.49, 0.15, 0.15,
0.42, 0.44, 0.44, 0.03, 0.55, 
0.49, 0.15, 0.15,
0.42, 0.45, 0.45,
0.45, 0.45, 0.45,
0.45, 0.45, 0.45,
0.06, 0.06, 0.19,
0.53, 0.13, 0.51, 0.3, 0.62, 0.2, 0.27, 0.62, 0.33,
0.19, 0.06, 0.06,
0.33, 0.03, 0.03,
 0.05, 0.1, 0.1,
0.05, 0.1, 0.1,
0.18, 0.02, 0.02,
0.05, 0.22, 0.22,
0.05, 0.22, 0.22,
0.11, 0.23, 0.23,
0.47, 0.35, 0.35,
0.2, 0.32, 0.32,
0.5, 0.23, 0.14, 0.14,
0.2, 0.32, 0.32,
0.13, 0.34, 0.34,
0.34, 0.25, 0.25,
0.13, 0.34, 0.34,
0.42, 0.45, 0.45,
0.23, 0.01, 0.01,
0.33, 0.03, 0.03,
0.43, 0.28, 0.28,
0.29, 0.13, 0.13,
0.18, 0.02, 0.02,
0.43, 0.28, 0.28,
0.14, 0.14, 0.14,
0.14, 0.21, 0.21,
0.11, 0.23, 0.23,
0.14, 0.21, 0.21,
0.23, 0.35, 0.35,
0.18, 1.0, 1.0, 
0.5, 0.23, 0.14, 0.14,
0.0, 0.1, 0.22, 0.22,
0.0, 0.1, 0.22, 0.22,
0.1, 0.08, 0.08,
0.1, 0.13, 0.6, 0.51, 0.08, 0.85, 0.43, 0.07, 0.49,
0.1, 0.08, 0.08,
0.23, 0.01, 0.01,
0.1, 0.27, 0.27,
0.1, 0.27, 0.27,
0.1, 0.39, 0.39,
0.6, 1.0, 1.0, 
0.1, 0.39, 0.39,
0.29, 0.13, 0.13,
0.24, 0.15, 0.15,
0.24, 0.15, 0.15,
0.18, 0.11, 0.11,
0.2, 0.35, 0.47,
0.18, 0.11, 0.11,
0.23, 0.35, 0.35